1247  0
743  1
735  2
740  3
748  4
771  5
763  6
779  7
777  8
835  9
839  10
888  11
881  12
900  13
912  14
953  15
978  16
978  17
953  18
943  19
958  20
948  21
969  22
957  23
977  24
1000  25
979  26
946  27
981  28
988  29
986  30
988  31
1004  32
1023  33
1003  34
1002  35
975  36
998  37
1020  38
1013  39
1017  40
1012  41
1020  42
1035  43
1028  44
1017  45
1018  46
1015  47
1016  48
1002  49
1023  50
997  51
1034  52
1025  53
999  54
1024  55
984  56
952  57
908  58
950  59
953  60
930  61
936  62
941  63
950  64
961  65
959  66
974  67
992  68
960  69
984  70
952  71
968  72
918  73
932  74
930  75
939  76
943  77
912  78
938  79
975  80
951  81
977  82
992  83
982  84
965  85
926  86
940  87
942  88
921  89
893  90
962  91
927  92
921  93
913  94
923  95
922  96
909  97
928  98
926  99
947  100
931  101
947  102
949  103
932  104
922  105
916  106
909  107
912  108
947  109
912  110
923  111
904  112
916  113
921  114
894  115
894  116
894  117
944  118
933  119
962  120
954  121
925  122
935  123
914  124
923  125
938  126
923  127
887  128
878  129
854  130
846  131
873  132
871  133
915  134
903  135
922  136
930  137
918  138
955  139
959  140
918  141
928  142
907  143
883  144
881  145
878  146
889  147
871  148
873  149
877  150
848  151
881  152
847  153
906  154
884  155
889  156
898  157
917  158
903  159
935  160
941  161
936  162
932  163
939  164
917  165
885  166
959  167
947  168
946  169
924  170
956  171
916  172
910  173
936  174
931  175
941  176
963  177
920  178
946  179
929  180
897  181
897  182
907  183
897  184
955  185
921  186
909  187
917  188
923  189
915  190
909  191
924  192
922  193
892  194
910  195
913  196
899  197
893  198
908  199
902  200
861  201
892  202
876  203
904  204
880  205
894  206
889  207
909  208
903  209
946  210
951  211
957  212
980  213
983  214
981  215
1037  216
1023  217
1009  218
987  219
985  220
1029  221
1001  222
1009  223
983  224
1011  225
1007  226
960  227
992  228
985  229
979  230
970  231
955  232
1001  233
985  234
1000  235
1023  236
999  237
1001  238
989  239
1009  240
969  241
972  242
963  243
1004  244
1004  245
1016  246
989  247
1012  248
1025  249
987  250
976  251
1009  252
1002  253
1012  254
988  255
987  256
972  257
982  258
970  259
943  260
960  261
989  262
942  263
993  264
963  265
974  266
973  267
991  268
984  269
1008  270
961  271
1023  272
995  273
988  274
974  275
975  276
982  277
1001  278
977  279
991  280
999  281
962  282
966  283
954  284
941  285
951  286
940  287
927  288
931  289
929  290
926  291
930  292
943  293
959  294
991  295
950  296
982  297
1012  298
1024  299
986  300
992  301
1000  302
1009  303
990  304
944  305
984  306
972  307
996  308
993  309
984  310
977  311
987  312
983  313
969  314
982  315
1013  316
1009  317
1015  318
958  319
965  320
966  321
941  322
935  323
934  324
960  325
960  326
948  327
929  328
932  329
906  330
914  331
936  332
951  333
951  334
924  335
943  336
933  337
944  338
936  339
919  340
924  341
945  342
926  343
932  344
973  345
927  346
940  347
939  348
980  349
974  350
960  351
954  352
958  353
952  354
934  355
915  356
958  357
972  358
966  359
990  360
970  361
972  362
971  363
967  364
977  365
988  366
957  367
969  368
991  369
983  370
950  371
946  372
912  373
936  374
909  375
894  376
894  377
924  378
923  379
941  380
933  381
941  382
949  383
982  384
978  385
1011  386
991  387
975  388
999  389
976  390
974  391
949  392
935  393
981  394
962  395
993  396
986  397
1024  398
976  399
957  400
948  401
983  402
956  403
969  404
968  405
979  406
984  407
937  408
894  409
920  410
924  411
957  412
975  413
950  414
946  415
920  416
944  417
945  418
986  419
967  420
977  421
940  422
966  423
940  424
948  425
942  426
960  427
948  428
962  429
958  430
957  431
933  432
972  433
948  434
928  435
947  436
979  437
964  438
961  439
964  440
965  441
989  442
1004  443
991  444
988  445
997  446
987  447
1019  448
965  449
1009  450
979  451
999  452
967  453
1014  454
971  455
928  456
947  457
954  458
969  459
974  460
1000  461
1012  462
973  463
985  464
955  465
947  466
974  467
969  468
973  469
974  470
978  471
937  472
973  473
966  474
928  475
935  476
949  477
917  478
952  479
931  480
957  481
988  482
962  483
955  484
982  485
943  486
987  487
959  488
940  489
963  490
945  491
963  492
966  493
969  494
958  495
956  496
984  497
967  498
940  499
918  500
977  501
983  502
931  503
961  504
934  505
951  506
936  507
908  508
905  509
953  510
974  511
939  512
1003  513
964  514
964  515
969  516
958  517
962  518
959  519
958  520
950  521
952  522
932  523
912  524
906  525
878  526
899  527
896  528
922  529
928  530
895  531
944  532
920  533
929  534
903  535
916  536
916  537
902  538
945  539
888  540
893  541
872  542
925  543
913  544
930  545
953  546
974  547
960  548
951  549
898  550
906  551
894  552
919  553
964  554
953  555
916  556
945  557
951  558
948  559
959  560
944  561
972  562
994  563
910  564
913  565
915  566
924  567
951  568
913  569
907  570
914  571
922  572
913  573
912  574
930  575
902  576
916  577
879  578
895  579
926  580
929  581
950  582
918  583
935  584
932  585
932  586
944  587
948  588
956  589
962  590
925  591
946  592
944  593
926  594
953  595
890  596
923  597
897  598
891  599
877  600
857  601
882  602
897  603
878  604
854  605
873  606
873  607
897  608
919  609
901  610
921  611
913  612
908  613
913  614
944  615
960  616
985  617
958  618
953  619
941  620
977  621
956  622
958  623
939  624
1011  625
999  626
955  627
965  628
982  629
936  630
967  631
975  632
977  633
963  634
938  635
967  636
973  637
962  638
983  639
940  640
918  641
903  642
896  643
892  644
903  645
913  646
918  647
918  648
888  649
918  650
911  651
893  652
904  653
957  654
978  655
965  656
956  657
938  658
919  659
915  660
911  661
902  662
916  663
936  664
921  665
933  666
940  667
965  668
954  669
926  670
979  671
973  672
976  673
944  674
971  675
968  676
952  677
950  678
936  679
943  680
930  681
948  682
976  683
934  684
933  685
924  686
942  687
937  688
937  689
931  690
956  691
975  692
979  693
974  694
975  695
941  696
956  697
951  698
953  699
929  700
929  701
975  702
986  703
966  704
958  705
970  706
990  707
937  708
992  709
947  710
955  711
921  712
931  713
908  714
904  715
929  716
908  717
955  718
955  719
982  720
954  721
977  722
981  723
948  724
955  725
952  726
994  727
985  728
1010  729
1019  730
1004  731
1036  732
1011  733
976  734
985  735
998  736
974  737
970  738
944  739
955  740
962  741
952  742
937  743
953  744
924  745
972  746
944  747
955  748
960  749
956  750
946  751
964  752
952  753
977  754
986  755
977  756
1001  757
993  758
974  759
975  760
969  761
961  762
944  763
955  764
965  765
940  766
963  767
969  768
971  769
957  770
1000  771
1009  772
971  773
989  774
979  775
983  776
1006  777
969  778
987  779
958  780
981  781
937  782
928  783
931  784
896  785
908  786
925  787
914  788
911  789
896  790
902  791
908  792
884  793
928  794
969  795
988  796
955  797
1003  798
967  799
977  800
955  801
978  802
996  803
959  804
968  805
961  806
971  807
985  808
975  809
945  810
963  811
957  812
981  813
984  814
965  815
956  816
950  817
943  818
927  819
961  820
948  821
957  822
928  823
963  824
913  825
941  826
975  827
964  828
949  829
917  830
949  831
957  832
965  833
940  834
928  835
927  836
951  837
965  838
968  839
949  840
956  841
912  842
916  843
923  844
915  845
920  846
892  847
895  848
917  849
918  850
906  851
933  852
880  853
898  854
929  855
931  856
963  857
962  858
992  859
964  860
972  861
979  862
943  863
972  864
959  865
954  866
1002  867
979  868
915  869
899  870
892  871
955  872
948  873
970  874
988  875
947  876
903  877
964  878
966  879
953  880
939  881
971  882
918  883
912  884
899  885
904  886
898  887
913  888
954  889
957  890
932  891
930  892
950  893
939  894
952  895
987  896
928  897
927  898
922  899
896  900
914  901
898  902
911  903
930  904
950  905
921  906
901  907
920  908
916  909
892  910
889  911
921  912
926  913
953  914
975  915
948  916
951  917
961  918
970  919
950  920
990  921
1003  922
981  923
963  924
955  925
970  926
956  927
957  928
961  929
966  930
968  931
966  932
957  933
916  934
942  935
936  936
942  937
979  938
918  939
931  940
921  941
945  942
869  943
863  944
894  945
876  946
866  947
910  948
951  949
943  950
918  951
933  952
938  953
979  954
913  955
965  956
934  957
929  958
893  959
908  960
865  961
854  962
867  963
901  964
911  965
923  966
956  967
920  968
934  969
930  970
929  971
924  972
941  973
960  974
948  975
928  976
933  977
933  978
918  979
920  980
912  981
922  982
933  983
943  984
956  985
948  986
947  987
972  988
975  989
976  990
956  991
1001  992
938  993
922  994
941  995
952  996
955  997
964  998
964  999
984  1000
